8
4
31
-0.0694
-0.0363
-0.054863
0.053996
0.037933
0.06925
0.049833
-0.0068254
-0.087261
0.10805
0.1041
0.0017728
0.024192
0.075811
-0.019625
-0.012167
-0.077117
0.031066
-0.021154
-0.071722
0.058321
0.03054
0.087539
-0.012296
0.056023
-0.045938
-0.028384
-0.019452
0.069026
0.056099
-0.029124
-0.045086
-0.00023082
-0.034578
-0.0096753
-0.01644
-0.086087
-0.053808
-0.044828
-0.018087
-0.0097633
-0.03531
0.024876
0.0074278
-0.073346
-0.032058
-0.054319
-0.052345
-0.039565
-0.053857
-0.051071
-0.042892
-0.011894
-0.061524
0.034638
-0.0334
-0.029649
-0.0099444
-0.015334
0.010501
-0.023996
-0.069002
-0.039134
-0.011597
-0.021889
0.037119
0.02273
-0.013045
-0.039889
-0.023139
-0.0073201
0.037369
0.018422
-0.048395
-0.0046039
-0.024046
0.0093371
0.036403
-0.067561
-0.0011367
0.023585
-0.0059696
0.0046169
-0.022632
0.032254
-0.058899
0.044366
-0.014472
-0.00053145
-0.011079
-0.039053
0.049632
0.036965
0.0091856
-0.055909
0.0035783
0.019672
0.010455
0.035644
0.00074596
0.0039558
0.026394
0.021059
-0.01998
-0.0020262
-0.048564
0.053579
-0.01097
0.01771
-0.014984
-0.06705
-0.016024
-0.0028386
-0.0053435
0.033336
0.010869
0.050185
0.015448
0.078595
0.040063
-0.012791
-0.086329
-0.010231
0.032346
0.050807
0.023127
-0.042916
0.031456
0.069312
0.057923
0.026468
-0.033327
-0.002907
-0.038213
-0.0070979
0.013129
-0.068841
0.035604
0.037356
0.030843
0.063204
0.032886
-0.015525
0.066072
-0.0023005
-0.058298
0.030827
-0.012062
0.036109
-0.023893
0.060842
0.061375
-0.0036956
0.033035
0.072479
0.0057221
0.042383
0.070108
-0.052552
-0.035057
-0.0023585
-0.037997
-0.035611
-0.015804
0.048416
0.005691
0.02451
0.070094
-0.021078
0.038829
-0.030059
-0.025421
0.04869
0.0079708
0.039797
0.088363
-0.048697
-0.0094171
-0.024993
5.1462e-05
0.0072021
-0.074398
-0.020465
-0.00024006
-0.0065045
0.030499
0.001783
-0.0054319
0.032796
0.080259
-0.014028
-0.047526
0.0063239
0.0036029
-0.037182
-0.032201
-0.0091608
0.010657
0.045653
-0.034923
-0.042317
0.0079411
-0.043975
0.039121
0.021232
0.01145
-0.0017828
-0.012769
-0.0059085
-0.054053
-0.048534
0.003855
-0.0091196
-0.0206
-0.049291
0.021866
-0.036787
0.024939
-0.021839
0.0092713
0.017199
-0.010042
-0.010116
0.05249
-0.009145
-0.038476
-0.03284
-0.048578
0.019158
-0.025657
-0.061449
-0.022215
-0.017265
0.049616
0.014828
-0.030361
-0.005525
-0.050403
-0.062448
0.0036922
-0.021455
-0.025455
0.0276
-0.036355
0.046981
-0.00063943
-0.060669
-0.011328
-0.013031
-0.037543
-0.050335
-0.063643
-0.0018726
-0.022082
0.027113
0.029627
0.0031027
-0.055228
-0.029096
0.0025273
0.061156
0.0088461
0.034581
0.0086397
-0.043945
-0.0037713
0.026418
-0.073587
-0.04654
0.00264
0.073459
0.019282
-0.041539
-0.066509
0.030253
0.012437
0.078302
-0.0095832
-0.050031
-0.010099
0.023427
0.046042
-0.0097795
-0.01271
0.034879
-0.021808
-0.052233
-0.0082576
0.00017435
-0.012485
7.4179e-05
-0.035916
0.090308
0.02403
-0.0058781
-0.038762
0.0049007
0.18705
0.15127
-0.022469
-0.026982
0.066693
0.090686
-0.092354
-0.0091408
-0.069635
0.025784
-0.022584
0.052759
0.11051
0.009983
-0.076789
0.045597
0.061575
-0.021201
-0.00986
-0.066625
-0.075731
-0.016837
0.0006714
-0.024595
-0.0038178
-0.015926
0.12572
0.043298
-0.012005
0.015396
0.040571
-0.035077
-0.01912
0.0038464
0.11767
-0.033752
-0.058045
-0.001256
-0.028861
9.4502e-06
-0.069773
-0.028659
-0.0082881
-0.0064421
-0.00042106
0.031531
-0.018146
-0.012718
-0.0016015
0.030408
-0.019902
-0.069688
-0.024442
-0.015249
-0.059101
0.036104
0.016205
-0.0068864
0.031539
-0.011251
-0.0062732
-0.0044257
0.053844
-0.024903
-0.0090775
-0.065945
0.0083637
-0.021501
-0.047016
-0.017535
0.031117
0.027377
0.012712
-0.01033
-0.02126
-0.0026251
-0.017761
0.025734
-0.0085905
0.037609
0.09326
0.036356
-0.037433
0.019577
0.01895
0.026651
-0.022677
0.013183
0.0053585
-0.030917
-0.030702
-0.0054174
-0.028966
-0.02302
0.008428
-0.025167
0.051209
-0.054394
0.0019208
0.022834
-0.0027326
0.0093829
-0.051855
-0.035266
-0.017774
-0.04355
0.013482
0.02104
0.038602
0.014634
0.036392
0.014053
0.013744
0.035055
-0.016868
0.028809
-0.038678
-0.00058597
0.031627
-0.080759
-0.089572
-0.075563
-0.099275
-0.041176
-0.02698
-0.044902
-0.045336
-0.0049186
0.040302
-0.0051928
0.072714
-0.024885
-0.034334
0.048334
-0.065642
-0.061063
-0.042913
-0.03029
0.016548
-0.029397
0.039388
0.010159
-0.020908
0.0031422
-0.06321
-0.028408
-0.043332
-0.029225
-0.011158
-0.038012
-0.017123
-0.033775
-0.052968
-0.01597
-0.036139
-0.055873
-0.0053528
-0.046841
-0.029331
0.037665
0.064476
0.010415
0.060143
0.029571
0.0072382
0.11938
-0.016612
0.048897
-0.0021777
-0.026344
-0.043371
-0.047419
-0.091831
-0.12523
-0.078638
-0.035788
-0.024748
-8.2584e-05
0.020236
-0.0010321
0.03126
-0.0082805
-0.011069
0.0098444
-0.013816
-0.004504
0.056174
-0.025939
-0.032885
0.0032362
-0.035464
0.082118
0.031874
-0.01731
0.046803
0.018376
-0.0066271
0.03631
-0.00016004
0.064454
0.019342
-0.0161
-0.011639
-0.1004
-0.012485
-0.053776
-0.010151
-0.01713
-0.014185
-0.025455
0.030059
-0.031955
0.026285
0.048464
0.0041575
0.0027819
-0.016474
0.020563
0.047412
0.0059621
0.050596
-0.019425
-0.0031225
0.027296
-0.041676
-0.045519
0.038891
-0.010278
0.052823
0.025055
0.036608
0.011801
-0.0641
-0.022618
0.16882
-0.070962
-0.012578
-0.058275
0.027102
0.0093741
-0.024063
0.021828
0.037415
-0.04722
-0.022296
0.057042
0.016828
-0.02072
0.022423
0.06584
-0.023036
-0.026368
0.019817
0.032511
-0.0049372
-0.031287
0.096033
0.1057
0.025977
-0.061303
0.042602
0.030985
-0.0057086
0.0096993
0.043866
0.061381
0.12124
-0.025336
0.026914
0.022379
-0.023933
0.035825
-0.030383
-0.014085
-0.0035417
-0.023646
0.0025345
0.016763
-0.03934
0.013502
0.055596
0.010762
0.044581
0.10866
0.089488
0.047632
-0.031675
-0.019491
0.068276
-0.055669
-0.035057
0.026602
0.049193
0.032459
-0.050414
-0.019223
0.0037504
0.039355
0.053184
0.12692
0.093063
0.10719
-0.026776
0.075631
-0.024532
-0.10067
-0.010298
0.0062826
0.0085475
0.025869
-0.056861
0.015501
0.01342
0.011388
0.083521
-0.012846
-0.041747
0.0011497
0.0021631
-0.012432
0.0006326
0.044093
0.09172
-0.079499
-0.079136
-0.059715
-0.070721
-0.028908
-0.10285
-0.068344
-0.020568
0.024834
-0.0010144
0.10717
-0.031175
-0.020685
0.0056195
0.028795
0.036306
-0.071609
-0.076384
-0.040422
-0.041529
0.038776
0.055453
0.062984
0.016896
-0.045889
-0.04543
-0.036179
0.049649
-0.0043158
-0.0040272
-0.01942
0.032958
-0.023522
-0.00092488
-0.09902
0.0060771
0.066724
0.020919
0.00089129
-0.017092
-0.0015327
-0.044269
0.087689
-0.0026946
0.060017
0.061295
0.031993
0.0060135
0.027766
0.023882
-0.031859
-0.0021437
0.03503
0.015864
0.0018979
-0.010332
0.0082863
0.0059783
0.025166
0.0055618
-0.032508
0.0507
0.014482
0.0047027
0.025382
-0.018625
-0.03314
-0.036311
-0.031991
0.0033981
-0.0087372
0.027878
0.034258
0.076418
0.081625
0.070525
0.015838
-0.019462
0.044397
0.042256
0.044088
-0.0080753
-0.043046
0.068049
0.02225
0.042294
-0.014905
-0.062652
-0.019749
-0.0047891
-0.016793
-0.0074983
-0.023026
0.12978
0.01692
0.094242
0.048729
0.013887
0.052875
-0.006953
-0.033837
-0.035842
0.0026381
0.019989
0.036318
0.010206
0.077962
0.01902
0.037587
-0.0066581
-0.01305
-0.037987
0.030833
0.051098
-0.024201
-0.020731
0.0088372
-0.033013
-0.042238
-0.034762
0.021151
0.034564
0.013956
0.039339
0.045858
0.12379
-0.0013471
0.077972
0.088039
0.052564
0.12323
0.052366
0.012732
0.036253
-0.038348
-0.027789
-0.037017
-0.095118
-0.063351
-0.019224
-0.026401
0.019315
0.00053597
0.031583
0.0077103
0.083989
0.044837
-0.0098147
0.024298
0.0058365
-0.034074
0.022811
-0.044
-0.01892
0.032479
-0.073078
-0.0053739
0.048663
-0.04944
0.065568
0.0077609
0.01534
0.058007
-0.014028
0.03355
-0.015972
-0.046021
0.031171
-0.083312
-0.032782
-0.080821
-0.027758
-0.040284
0.022728
-0.014918
0.054722
0.011249
0.039409
0.047742
0.035758
-0.0069927
-0.068421
-0.022341
-0.0016614
0.020767
0.031813
-0.023498
-0.0037753
0.016129
0.021563
0.0026193
0.018664
-0.012368
0.040155
0.0033341
0.02484
-0.018589
-0.074441
0.042463
0.18086
-0.01104
-0.0087567
-0.10013
0.021674
-0.017722
-0.06489
-0.015781
-0.026112
-0.012338
-0.030201
0.06304
0.053271
0.0045857
-0.030269
0.020237
-0.020844
0.018363
0.013574
0.068416
0.004933
-0.034775
0.067467
0.063654
0.023017
-0.059753
0.061759
0.025271
0.01714
0.0069626
-0.010461
0.10434
0.12954
0.075362
0.05139
0.008472
-0.0068273
0.031397
-0.015471
-0.010158
-0.050519
0.024302
0.0012988
-0.017947
-0.021775
-0.053725
-0.094354
-0.060988
-0.048275
-0.040521
-0.016341
-0.033366
0.00025789
-0.052696
-0.0032984
0.045774
0.040527
-0.028465
0.023691
0.052197
0.0047979
-0.033624
-0.076895
0.026936
0.0023918
-0.0058518
0.031605
0.033862
-0.033802
-0.0093516
-0.05849
-0.017099
-0.015875
0.0082676
0.029654
0.011941
-0.031764
0.0027387
-0.051507
-0.059266
-0.057318
-0.021866
-0.052934
-0.058536
-0.031169
-0.016998
0.1089
0.012877
0.026451
0.018
-0.0065614
-0.0083064
-0.026987
-0.051178
-0.0355
-0.01164
0.041455
0.034971
-0.032274
0.010337
-0.0040359
0.018723
0.011919
-0.040871
-0.021028
0.00042853
-0.0094385
-0.034094
-0.010285
-0.010332
-0.010744
0.0044981
0.0089859
0.021886
0.046045
0.067262
0.020513
-0.063005
0.0025145
0.03502
0.031275
-0.029797
0.028773
0.036973
0.0054217
-0.018761
-0.090225
-0.023983
-0.0050416
-0.022222
-0.013624
-0.0094954
0.010201
0.0096841
-0.0057729
0.018208
0.006858
-0.016814
0.013488
-0.026903
-0.006414
0.013059
0.044116
0.031981
0.065333
0.043383
0.0053176
0.0065337
-0.0022866
0.017938
0.12997
0.031433
0.026572
0.01718
-0.0033267
-0.0024766
-0.035322
0.028578
-0.0039892
-0.043093
-0.013113
0.030604
-0.04379
-0.033449
-0.034679
0.007543
0.030693
0.0085178
0.012608
0.025644
-0.023064
-0.044726
-0.011122
1.7973
